0.45950778 0.025 42
0.45950778 0.050 42
0.45950778 0.075 42
0.45950778 0.100 42
0.45950778 0.125 42
0.45950778 0.150 42
0.45950778 0.175 42
0.45950778 0.200 42
0.45950778 0.225 42
0.45950778 0.250 42
0.45950778 0.275 42
0.45950778 0.300 42
0.45950778 0.325 42
0.45950778 0.350 42
0.45950778 0.375 42
0.45950778 0.400 42
0.45950778 0.425 42
0.45950778 0.450 42
0.45950778 0.475 42
0.45950778 0.500 42
0.57848602 0.025 42
0.57848602 0.050 42
0.57848602 0.075 42
0.57848602 0.100 42
0.57848602 0.125 42
0.57848602 0.150 42
0.57848602 0.175 42
0.57848602 0.200 42
0.57848602 0.225 42
0.57848602 0.250 42
0.57848602 0.275 42
0.57848602 0.300 42
0.57848602 0.325 42
0.57848602 0.350 42
0.57848602 0.375 42
0.57848602 0.400 42
0.57848602 0.425 42
0.57848602 0.450 42
0.57848602 0.475 42
0.57848602 0.500 42
0.72827074 0.025 42
0.72827074 0.050 42
0.72827074 0.075 42
0.72827074 0.100 42
0.72827074 0.125 42
0.72827074 0.150 42
0.72827074 0.175 42
0.72827074 0.200 42
0.72827074 0.225 42
0.72827074 0.250 42
0.72827074 0.275 42
0.72827074 0.300 42
0.72827074 0.325 42
0.72827074 0.350 42
0.72827074 0.375 42
0.72827074 0.400 42
0.72827074 0.425 42
0.72827074 0.450 42
0.72827074 0.475 42
0.72827074 0.500 42
0.91683855 0.025 42
0.91683855 0.050 42
0.91683855 0.075 42
0.91683855 0.100 42
0.91683855 0.125 42
0.91683855 0.150 42
0.91683855 0.175 42
0.91683855 0.200 42
0.91683855 0.225 42
0.91683855 0.250 42
0.91683855 0.275 42
0.91683855 0.300 42
0.91683855 0.325 42
0.91683855 0.350 42
0.91683855 0.375 42
0.91683855 0.400 42
0.91683855 0.425 42
0.91683855 0.450 42
0.91683855 0.475 42
0.91683855 0.500 42
1.1542313 0.025 42
1.1542313 0.050 42
1.1542313 0.075 42
1.1542313 0.100 42
1.1542313 0.125 42
1.1542313 0.150 42
1.1542313 0.175 42
1.1542313 0.200 42
1.1542313 0.225 42
1.1542313 0.250 42
1.1542313 0.275 42
1.1542313 0.300 42
1.1542313 0.325 42
1.1542313 0.350 42
1.1542313 0.375 42
1.1542313 0.400 42
1.1542313 0.425 42
1.1542313 0.450 42
1.1542313 0.475 42
1.1542313 0.500 42
1.4530912 0.025 42
1.4530912 0.050 42
1.4530912 0.075 42
1.4530912 0.100 42
1.4530912 0.125 42
1.4530912 0.150 42
1.4530912 0.175 42
1.4530912 0.200 42
1.4530912 0.225 42
1.4530912 0.250 42
1.4530912 0.275 42
1.4530912 0.300 42
1.4530912 0.325 42
1.4530912 0.350 42
1.4530912 0.375 42
1.4530912 0.400 42
1.4530912 0.425 42
1.4530912 0.450 42
1.4530912 0.475 42
1.4530912 0.500 42
1.8293334 0.025 42
1.8293334 0.050 42
1.8293334 0.075 42
1.8293334 0.100 42
1.8293334 0.125 42
1.8293334 0.150 42
1.8293334 0.175 42
1.8293334 0.200 42
1.8293334 0.225 42
1.8293334 0.250 42
1.8293334 0.275 42
1.8293334 0.300 42
1.8293334 0.325 42
1.8293334 0.350 42
1.8293334 0.375 42
1.8293334 0.400 42
1.8293334 0.425 42
1.8293334 0.450 42
1.8293334 0.475 42
1.8293334 0.500 42
2.3029943 0.025 42
2.3029943 0.050 42
2.3029943 0.075 42
2.3029943 0.100 42
2.3029943 0.125 42
2.3029943 0.150 42
2.3029943 0.175 42
2.3029943 0.200 42
2.3029943 0.225 42
2.3029943 0.250 42
2.3029943 0.275 42
2.3029943 0.300 42
2.3029943 0.325 42
2.3029943 0.350 42
2.3029943 0.375 42
2.3029943 0.400 42
2.3029943 0.425 42
2.3029943 0.450 42
2.3029943 0.475 42
2.3029943 0.500 42
2.8992981 0.025 42
2.8992981 0.050 42
2.8992981 0.075 42
2.8992981 0.100 42
2.8992981 0.125 42
2.8992981 0.150 42
2.8992981 0.175 42
2.8992981 0.200 42
2.8992981 0.225 42
2.8992981 0.250 42
2.8992981 0.275 42
2.8992981 0.300 42
2.8992981 0.325 42
2.8992981 0.350 42
2.8992981 0.375 42
2.8992981 0.400 42
2.8992981 0.425 42
2.8992981 0.450 42
2.8992981 0.475 42
2.8992981 0.500 42
3.65 0.025 42
3.65 0.050 42
3.65 0.075 42
3.65 0.100 42
3.65 0.125 42
3.65 0.150 42
3.65 0.175 42
3.65 0.200 42
3.65 0.225 42
3.65 0.250 42
3.65 0.275 42
3.65 0.300 42
3.65 0.325 42
3.65 0.350 42
3.65 0.375 42
3.65 0.400 42
3.65 0.425 42
3.65 0.450 42
3.65 0.475 42
3.65 0.500 42
4.5950778 0.025 42
4.5950778 0.050 42
4.5950778 0.075 42
4.5950778 0.100 42
4.5950778 0.125 42
4.5950778 0.150 42
4.5950778 0.175 42
4.5950778 0.200 42
4.5950778 0.225 42
4.5950778 0.250 42
4.5950778 0.275 42
4.5950778 0.300 42
4.5950778 0.325 42
4.5950778 0.350 42
4.5950778 0.375 42
4.5950778 0.400 42
4.5950778 0.425 42
4.5950778 0.450 42
4.5950778 0.475 42
4.5950778 0.500 42
5.7848602 0.025 42
5.7848602 0.050 42
5.7848602 0.075 42
5.7848602 0.100 42
5.7848602 0.125 42
5.7848602 0.150 42
5.7848602 0.175 42
5.7848602 0.200 42
5.7848602 0.225 42
5.7848602 0.250 42
5.7848602 0.275 42
5.7848602 0.300 42
5.7848602 0.325 42
5.7848602 0.350 42
5.7848602 0.375 42
5.7848602 0.400 42
5.7848602 0.425 42
5.7848602 0.450 42
5.7848602 0.475 42
5.7848602 0.500 42
7.2827074 0.025 42
7.2827074 0.050 42
7.2827074 0.075 42
7.2827074 0.100 42
7.2827074 0.125 42
7.2827074 0.150 42
7.2827074 0.175 42
7.2827074 0.200 42
7.2827074 0.225 42
7.2827074 0.250 42
7.2827074 0.275 42
7.2827074 0.300 42
7.2827074 0.325 42
7.2827074 0.350 42
7.2827074 0.375 42
7.2827074 0.400 42
7.2827074 0.425 42
7.2827074 0.450 42
7.2827074 0.475 42
7.2827074 0.500 42
9.1683855 0.025 42
9.1683855 0.050 42
9.1683855 0.075 42
9.1683855 0.100 42
9.1683855 0.125 42
9.1683855 0.150 42
9.1683855 0.175 42
9.1683855 0.200 42
9.1683855 0.225 42
9.1683855 0.250 42
9.1683855 0.275 42
9.1683855 0.300 42
9.1683855 0.325 42
9.1683855 0.350 42
9.1683855 0.375 42
9.1683855 0.400 42
9.1683855 0.425 42
9.1683855 0.450 42
9.1683855 0.475 42
9.1683855 0.500 42
11.542313 0.025 42
11.542313 0.050 42
11.542313 0.075 42
11.542313 0.100 42
11.542313 0.125 42
11.542313 0.150 42
11.542313 0.175 42
11.542313 0.200 42
11.542313 0.225 42
11.542313 0.250 42
11.542313 0.275 42
11.542313 0.300 42
11.542313 0.325 42
11.542313 0.350 42
11.542313 0.375 42
11.542313 0.400 42
11.542313 0.425 42
11.542313 0.450 42
11.542313 0.475 42
11.542313 0.500 42
14.530912 0.025 42
14.530912 0.050 42
14.530912 0.075 42
14.530912 0.100 42
14.530912 0.125 42
14.530912 0.150 42
14.530912 0.175 42
14.530912 0.200 42
14.530912 0.225 42
14.530912 0.250 42
14.530912 0.275 42
14.530912 0.300 42
14.530912 0.325 42
14.530912 0.350 42
14.530912 0.375 42
14.530912 0.400 42
14.530912 0.425 42
14.530912 0.450 42
14.530912 0.475 42
14.530912 0.500 42
18.293334 0.025 42
18.293334 0.050 42
18.293334 0.075 42
18.293334 0.100 42
18.293334 0.125 42
18.293334 0.150 42
18.293334 0.175 42
18.293334 0.200 42
18.293334 0.225 42
18.293334 0.250 42
18.293334 0.275 42
18.293334 0.300 42
18.293334 0.325 42
18.293334 0.350 42
18.293334 0.375 42
18.293334 0.400 42
18.293334 0.425 42
18.293334 0.450 42
18.293334 0.475 42
18.293334 0.500 42
23.029943 0.025 42
23.029943 0.050 42
23.029943 0.075 42
23.029943 0.100 42
23.029943 0.125 42
23.029943 0.150 42
23.029943 0.175 42
23.029943 0.200 42
23.029943 0.225 42
23.029943 0.250 42
23.029943 0.275 42
23.029943 0.300 42
23.029943 0.325 42
23.029943 0.350 42
23.029943 0.375 42
23.029943 0.400 42
23.029943 0.425 42
23.029943 0.450 42
23.029943 0.475 42
23.029943 0.500 42
28.992981 0.025 42
28.992981 0.050 42
28.992981 0.075 42
28.992981 0.100 42
28.992981 0.125 42
28.992981 0.150 42
28.992981 0.175 42
28.992981 0.200 42
28.992981 0.225 42
28.992981 0.250 42
28.992981 0.275 42
28.992981 0.300 42
28.992981 0.325 42
28.992981 0.350 42
28.992981 0.375 42
28.992981 0.400 42
28.992981 0.425 42
28.992981 0.450 42
28.992981 0.475 42
28.992981 0.500 42
36.5 0.025 42
36.5 0.050 42
36.5 0.075 42
36.5 0.100 42
36.5 0.125 42
36.5 0.150 42
36.5 0.175 42
36.5 0.200 42
36.5 0.225 42
36.5 0.250 42
36.5 0.275 42
36.5 0.300 42
36.5 0.325 42
36.5 0.350 42
36.5 0.375 42
36.5 0.400 42
36.5 0.425 42
36.5 0.450 42
36.5 0.475 42
36.5 0.500 42
45.950778 0.025 42
45.950778 0.050 42
45.950778 0.075 42
45.950778 0.100 42
45.950778 0.125 42
45.950778 0.150 42
45.950778 0.175 42
45.950778 0.200 42
45.950778 0.225 42
45.950778 0.250 42
45.950778 0.275 42
45.950778 0.300 42
45.950778 0.325 42
45.950778 0.350 42
45.950778 0.375 42
45.950778 0.400 42
45.950778 0.425 42
45.950778 0.450 42
45.950778 0.475 42
45.950778 0.500 42
57.848602 0.025 42
57.848602 0.050 42
57.848602 0.075 42
57.848602 0.100 42
57.848602 0.125 42
57.848602 0.150 42
57.848602 0.175 42
57.848602 0.200 42
57.848602 0.225 42
57.848602 0.250 42
57.848602 0.275 42
57.848602 0.300 42
57.848602 0.325 42
57.848602 0.350 42
57.848602 0.375 42
57.848602 0.400 42
57.848602 0.425 42
57.848602 0.450 42
57.848602 0.475 42
57.848602 0.500 42
72.827074 0.025 42
72.827074 0.050 42
72.827074 0.075 42
72.827074 0.100 42
72.827074 0.125 42
72.827074 0.150 42
72.827074 0.175 42
72.827074 0.200 42
72.827074 0.225 42
72.827074 0.250 42
72.827074 0.275 42
72.827074 0.300 42
72.827074 0.325 42
72.827074 0.350 42
72.827074 0.375 42
72.827074 0.400 42
72.827074 0.425 42
72.827074 0.450 42
72.827074 0.475 42
72.827074 0.500 42
91.683855 0.025 42
91.683855 0.050 42
91.683855 0.075 42
91.683855 0.100 42
91.683855 0.125 42
91.683855 0.150 42
91.683855 0.175 42
91.683855 0.200 42
91.683855 0.225 42
91.683855 0.250 42
91.683855 0.275 42
91.683855 0.300 42
91.683855 0.325 42
91.683855 0.350 42
91.683855 0.375 42
91.683855 0.400 42
91.683855 0.425 42
91.683855 0.450 42
91.683855 0.475 42
91.683855 0.500 42
115.42313 0.025 42
115.42313 0.050 42
115.42313 0.075 42
115.42313 0.100 42
115.42313 0.125 42
115.42313 0.150 42
115.42313 0.175 42
115.42313 0.200 42
115.42313 0.225 42
115.42313 0.250 42
115.42313 0.275 42
115.42313 0.300 42
115.42313 0.325 42
115.42313 0.350 42
115.42313 0.375 42
115.42313 0.400 42
115.42313 0.425 42
115.42313 0.450 42
115.42313 0.475 42
115.42313 0.500 42
145.30912 0.025 42
145.30912 0.050 42
145.30912 0.075 42
145.30912 0.100 42
145.30912 0.125 42
145.30912 0.150 42
145.30912 0.175 42
145.30912 0.200 42
145.30912 0.225 42
145.30912 0.250 42
145.30912 0.275 42
145.30912 0.300 42
145.30912 0.325 42
145.30912 0.350 42
145.30912 0.375 42
145.30912 0.400 42
145.30912 0.425 42
145.30912 0.450 42
145.30912 0.475 42
145.30912 0.500 42
182.93334 0.025 42
182.93334 0.050 42
182.93334 0.075 42
182.93334 0.100 42
182.93334 0.125 42
182.93334 0.150 42
182.93334 0.175 42
182.93334 0.200 42
182.93334 0.225 42
182.93334 0.250 42
182.93334 0.275 42
182.93334 0.300 42
182.93334 0.325 42
182.93334 0.350 42
182.93334 0.375 42
182.93334 0.400 42
182.93334 0.425 42
182.93334 0.450 42
182.93334 0.475 42
182.93334 0.500 42
230.29943 0.025 42
230.29943 0.050 42
230.29943 0.075 42
230.29943 0.100 42
230.29943 0.125 42
230.29943 0.150 42
230.29943 0.175 42
230.29943 0.200 42
230.29943 0.225 42
230.29943 0.250 42
230.29943 0.275 42
230.29943 0.300 42
230.29943 0.325 42
230.29943 0.350 42
230.29943 0.375 42
230.29943 0.400 42
230.29943 0.425 42
230.29943 0.450 42
230.29943 0.475 42
230.29943 0.500 42
289.92981 0.025 42
289.92981 0.050 42
289.92981 0.075 42
289.92981 0.100 42
289.92981 0.125 42
289.92981 0.150 42
289.92981 0.175 42
289.92981 0.200 42
289.92981 0.225 42
289.92981 0.250 42
289.92981 0.275 42
289.92981 0.300 42
289.92981 0.325 42
289.92981 0.350 42
289.92981 0.375 42
289.92981 0.400 42
289.92981 0.425 42
289.92981 0.450 42
289.92981 0.475 42
289.92981 0.500 42
365 0.025 42
365 0.050 42
365 0.075 42
365 0.100 42
365 0.125 42
365 0.150 42
365 0.175 42
365 0.200 42
365 0.225 42
365 0.250 42
365 0.275 42
365 0.300 42
365 0.325 42
365 0.350 42
365 0.375 42
365 0.400 42
365 0.425 42
365 0.450 42
365 0.475 42
365 0.500 42
459.50778 0.025 42
459.50778 0.050 42
459.50778 0.075 42
459.50778 0.100 42
459.50778 0.125 42
459.50778 0.150 42
459.50778 0.175 42
459.50778 0.200 42
459.50778 0.225 42
459.50778 0.250 42
459.50778 0.275 42
459.50778 0.300 42
459.50778 0.325 42
459.50778 0.350 42
459.50778 0.375 42
459.50778 0.400 42
459.50778 0.425 42
459.50778 0.450 42
459.50778 0.475 42
459.50778 0.500 42
578.48602 0.025 42
578.48602 0.050 42
578.48602 0.075 42
578.48602 0.100 42
578.48602 0.125 42
578.48602 0.150 42
578.48602 0.175 42
578.48602 0.200 42
578.48602 0.225 42
578.48602 0.250 42
578.48602 0.275 42
578.48602 0.300 42
578.48602 0.325 42
578.48602 0.350 42
578.48602 0.375 42
578.48602 0.400 42
578.48602 0.425 42
578.48602 0.450 42
578.48602 0.475 42
578.48602 0.500 42
728.27074 0.025 42
728.27074 0.050 42
728.27074 0.075 42
728.27074 0.100 42
728.27074 0.125 42
728.27074 0.150 42
728.27074 0.175 42
728.27074 0.200 42
728.27074 0.225 42
728.27074 0.250 42
728.27074 0.275 42
728.27074 0.300 42
728.27074 0.325 42
728.27074 0.350 42
728.27074 0.375 42
728.27074 0.400 42
728.27074 0.425 42
728.27074 0.450 42
728.27074 0.475 42
728.27074 0.500 42
916.83855 0.025 42
916.83855 0.050 42
916.83855 0.075 42
916.83855 0.100 42
916.83855 0.125 42
916.83855 0.150 42
916.83855 0.175 42
916.83855 0.200 42
916.83855 0.225 42
916.83855 0.250 42
916.83855 0.275 42
916.83855 0.300 42
916.83855 0.325 42
916.83855 0.350 42
916.83855 0.375 42
916.83855 0.400 42
916.83855 0.425 42
916.83855 0.450 42
916.83855 0.475 42
916.83855 0.500 42
1154.2313 0.025 42
1154.2313 0.050 42
1154.2313 0.075 42
1154.2313 0.100 42
1154.2313 0.125 42
1154.2313 0.150 42
1154.2313 0.175 42
1154.2313 0.200 42
1154.2313 0.225 42
1154.2313 0.250 42
1154.2313 0.275 42
1154.2313 0.300 42
1154.2313 0.325 42
1154.2313 0.350 42
1154.2313 0.375 42
1154.2313 0.400 42
1154.2313 0.425 42
1154.2313 0.450 42
1154.2313 0.475 42
1154.2313 0.500 42
1453.0912 0.025 42
1453.0912 0.050 42
1453.0912 0.075 42
1453.0912 0.100 42
1453.0912 0.125 42
1453.0912 0.150 42
1453.0912 0.175 42
1453.0912 0.200 42
1453.0912 0.225 42
1453.0912 0.250 42
1453.0912 0.275 42
1453.0912 0.300 42
1453.0912 0.325 42
1453.0912 0.350 42
1453.0912 0.375 42
1453.0912 0.400 42
1453.0912 0.425 42
1453.0912 0.450 42
1453.0912 0.475 42
1453.0912 0.500 42
1829.3334 0.025 42
1829.3334 0.050 42
1829.3334 0.075 42
1829.3334 0.100 42
1829.3334 0.125 42
1829.3334 0.150 42
1829.3334 0.175 42
1829.3334 0.200 42
1829.3334 0.225 42
1829.3334 0.250 42
1829.3334 0.275 42
1829.3334 0.300 42
1829.3334 0.325 42
1829.3334 0.350 42
1829.3334 0.375 42
1829.3334 0.400 42
1829.3334 0.425 42
1829.3334 0.450 42
1829.3334 0.475 42
1829.3334 0.500 42
2302.9943 0.025 42
2302.9943 0.050 42
2302.9943 0.075 42
2302.9943 0.100 42
2302.9943 0.125 42
2302.9943 0.150 42
2302.9943 0.175 42
2302.9943 0.200 42
2302.9943 0.225 42
2302.9943 0.250 42
2302.9943 0.275 42
2302.9943 0.300 42
2302.9943 0.325 42
2302.9943 0.350 42
2302.9943 0.375 42
2302.9943 0.400 42
2302.9943 0.425 42
2302.9943 0.450 42
2302.9943 0.475 42
2302.9943 0.500 42
2899.2981 0.025 42
2899.2981 0.050 42
2899.2981 0.075 42
2899.2981 0.100 42
2899.2981 0.125 42
2899.2981 0.150 42
2899.2981 0.175 42
2899.2981 0.200 42
2899.2981 0.225 42
2899.2981 0.250 42
2899.2981 0.275 42
2899.2981 0.300 42
2899.2981 0.325 42
2899.2981 0.350 42
2899.2981 0.375 42
2899.2981 0.400 42
2899.2981 0.425 42
2899.2981 0.450 42
2899.2981 0.475 42
2899.2981 0.500 42
3650 0.025 42
3650 0.050 42
3650 0.075 42
3650 0.100 42
3650 0.125 42
3650 0.150 42
3650 0.175 42
3650 0.200 42
3650 0.225 42
3650 0.250 42
3650 0.275 42
3650 0.300 42
3650 0.325 42
3650 0.350 42
3650 0.375 42
3650 0.400 42
3650 0.425 42
3650 0.450 42
3650 0.475 42
3650 0.500 42
